97017.5	1490.8176	83	55	69	108	130	149	276	296	286	310	346	382	389	428	454	434	445	9	177	275	299	298	275	289	316	335	338	329	9	160	145	115	93	55	
82219.0	1393.3956	83	53	80	71	98	211	216	53	96	226	242	312	301	344	344	366	380	382	396	38	32	34	249	312	322	306	303	304	317	315	258	226	168	150	124	87	49	
117935.0	1743.5840	79	108	59	94	53	103	136	290	4	254	263	120	343	419	343	471	416	496	444	501	57	102	215	320	370	381	340	328	355	364	370	265	175	140	117	59	
52667.0	1062.3722	50	53	82	76	89	36	69	94	88	207	216	222	260	295	307	290	297	318	329	63	125	213	258	261	243	198	195	208	215	217	210	117	91	56	
68427.5	1217.7563	95	50	44	80	106	242	260	93	129	289	242	322	284	342	305	345	335	336	70	137	227	241	226	233	255	283	291	276	223	184	138	115	75	31	
83889.0	1552.7938	24	82	64	104	85	243	102	69	96	91	115	58	247	276	335	8	381	344	387	435	435	459	48	79	173	273	314	309	252	256	292	314	327	244	140	112	70	43	
76527.0	1496.1660	85	31	56	74	65	211	89	218	15	108	55	101	245	267	319	360	349	368	420	403	25	50	166	251	306	314	275	266	299	314	320	258	142	111	72	34	3	
66717.0	1280.768	30	50	70	84	41	72	19	195	96	231	115	221	275	258	312	326	334	383	380	398	4	39	127	223	269	277	258	221	270	282	281	236	132	117	85	63	37	
69967.0	1379.949	10	47	42	11	71	56	92	104	14	264	84	289	76	288	244	261	321	341	357	355	384	55	191	195	224	285	313	299	261	230	237	247	251	177	9	90	68	32	
59327.5	1183.8140	70	17	66	34	71	184	189	166	12	206	284	269	327	321	359	366	352	370	75	196	237	263	238	245	233	234	203	161	158	121	96	73	47	
59458.5	1186.157	40	70	19	66	37	73	184	189	188	206	284	269	327	320	360	367	352	370	5	75	196	237	264	238	248	234	236	205	161	159	121	96	73	47	
62044.5	1216.154	8	41	64	89	36	55	94	113	248	68	202	238	91	292	270	3	305	334	344	363	388	395	4	5	101	186	214	227	202	197	207	223	259	266	248	179	105	78	38	9	
77286.5	1242.942	158	81	115	189	233	281	291	293	294	325	353	363	137	369	342	358	69	121	93	254	254	263	295	306	295	278	259	217	209	208	167	108	25	
78897.0	1263.287	151	186	81	118	195	256	287	295	296	292	338	356	150	368	369	372	82	130	75	266	269	262	283	302	306	290	271	230	210	207	201	147	98	
77591.0	1271.8576	7	69	99	63	247	261	104	220	284	258	328	330	364	381	383	379	376	118	231	264	276	263	245	271	286	299	296	254	153	124	108	85	47	
80615.5	1431.9817	81	121	104	46	65	110	130	93	66	281	89	60	331	365	388	379	411	426	442	431	23	51	160	208	232	265	283	298	269	271	241	252	194	20	153	132	86	49	2	
95485.5	1492.3445	80	113	76	68	248	260	107	239	257	52	324	391	373	438	406	415	457	446	39	45	64	25	260	332	338	317	261	286	303	305	269	237	179	149	115	86	5	
78558.5	1511.1534	43	74	56	107	94	90	212	277	97	56	65	105	97	6	329	270	320	356	381	369	375	31	129	160	261	305	352	353	22	241	273	300	309	303	159	140	89	60	
63890.5	1238.0726	61	44	51	96	192	109	192	176	83	261	273	312	338	309	350	353	339	44	76	45	194	222	237	256	277	273	289	296	32	215	207	138	122	82	35	
86007.5	1573.0133	29	74	92	103	100	47	88	73	98	266	292	297	76	12	359	351	379	408	413	439	31	179	206	218	301	327	368	323	9	14	239	268	277	278	136	126	79	40	
91478.0	1455.0528	54	116	32	89	128	89	255	306	34	325	312	337	395	368	402	450	436	461	21	91	214	260	274	316	321	302	307	251	254	200	200	123	87	56	
77826.0	1372.4842	71	90	109	126	52	75	285	91	236	246	270	325	342	379	360	418	392	422	36	70	161	260	282	305	307	269	260	272	269	218	127	126	89	49	
58113.5	1181.879	36	27	54	71	45	77	195	95	101	93	207	243	287	268	306	304	326	330	325	3	20	89	195	242	247	228	192	242	261	272	274	255	125	118	82	51	8	
76900.5	1166.6452	107	203	229	250	14	286	230	255	321	286	319	347	371	354	386	381	159	227	272	289	274	283	281	270	255	240	207	183	137	97	57	12	
86702.5	1488.2619	63	86	22	73	93	98	99	83	9	262	262	130	74	337	327	357	365	381	377	419	415	181	220	296	296	315	315	283	300	28	237	246	247	248	162	104	40	9	
112947.0	1594.9690	109	94	65	126	267	92	298	291	148	329	357	421	415	427	444	464	468	463	17	152	252	314	327	338	337	300	346	352	351	345	265	171	145	107	
89485.5	1409.8376	80	112	134	36	22	271	302	116	149	267	304	24	346	363	412	407	430	433	88	20	131	229	280	314	317	306	322	278	287	277	231	167	140	120	67	
74380.0	1167.2252	74	100	138	207	249	280	215	278	276	253	301	302	321	340	343	66	80	192	263	312	340	341	331	284	257	253	249	232	130	84	41	
64326.0	1068.3178	54	11	184	215	260	186	224	301	277	325	295	337	349	327	361	360	95	156	200	235	260	264	253	226	228	227	221	182	139	103	44	11	
59420.0	1050.3174	21	85	119	190	74	218	218	242	269	275	307	314	341	339	361	356	2	150	214	218	219	224	230	246	255	251	222	158	126	99	71	43	2	
50231.0	994.9712	26	64	62	16	79	181	60	175	203	241	263	271	278	305	317	320	334	339	342	6	124	169	196	206	202	207	199	200	208	196	175	138	119	97	72	44	
65596.5	1300.8650	30	84	105	58	14	50	86	96	230	85	100	206	298	259	333	315	354	352	365	363	37	45	193	260	271	243	202	256	279	284	286	182	127	113	74	41	
44295.5	948.674	39	70	58	4	22	76	90	180	166	184	196	207	260	237	278	266	291	296	297	36	80	161	205	217	215	201	203	207	213	214	197	120	94	73	42	9	
48775.5	969.5616	70	15	91	82	178	167	189	215	217	251	247	273	281	277	295	296	169	193	199	191	211	233	247	254	256	230	142	129	107	75	53	
50093.0	1036.4359	75	48	150	5	175	79	180	195	225	274	249	269	314	304	336	332	25	67	174	218	248	248	212	190	199	200	202	179	176	109	80	48	10	
38217.5	939.99	54	16	54	73	156	76	60	170	6	211	216	208	224	238	251	268	269	271	21	82	58	169	177	174	191	206	229	222	188	171	128	118	73	51	38	
50918.0	1073.8945	66	26	59	186	76	88	207	43	81	237	253	264	269	279	297	302	308	313	330	13	3	141	177	195	217	221	196	216	217	227	226	13	171	161	95	62	39	
48734.0	1002.497	44	8	65	94	80	112	177	190	241	259	269	243	251	304	284	319	322	315	4	28	102	118	178	173	194	207	233	237	228	198	191	132	99	89	47	4	
37161.0	817.816	55	54	83	109	153	176	165	186	217	244	219	257	270	257	271	9	47	90	166	203	221	224	214	187	169	165	159	141	110	88	60	30	
53238.0	1015.6943	36	27	69	94	210	219	172	203	263	242	279	262	293	287	313	318	315	72	167	208	219	209	218	227	243	241	239	215	150	125	101	59	30	
54199.0	1069.7454	52	76	97	63	183	203	238	234	88	233	262	245	277	285	295	296	310	22	145	204	243	259	254	243	222	223	230	237	225	188	98	66	31	
35431.5	876.6525	33	62	45	63	49	87	166	87	162	202	143	222	225	227	239	252	253	262	42	26	148	161	160	160	167	203	218	220	209	173	113	108	70	49	30	
64674.5	1187.8466	96	91	33	114	222	245	254	262	272	253	283	300	307	319	329	330	41	84	224	250	256	277	279	250	262	261	243	206	134	109	91	58	2	
56114.5	1103.4464	52	90	77	34	70	204	68	230	212	233	263	272	311	322	295	339	354	360	66	173	247	250	242	220	195	215	226	228	193	150	112	74	44	5	
43682.0	903.1810	37	69	98	75	152	158	238	187	248	242	258	271	280	298	309	306	5	49	30	125	132	158	193	216	232	233	224	166	151	151	145	105	66	36	
