81042.5	1306.1592	173	209	261	268	320	334	380	370	424	424	409	430	460	19	482	483	18	104	154	18	189	213	230	240	247	246	237	226	205	178	145	13	31	62	57	
101908.5	1326.18192	127	275	265	337	377	335	415	391	447	437	489	487	516	529	519	23	102	161	204	235	257	264	274	280	276	268	245	221	182	128	69	7	
58106.5	1069.8448	133	207	206	259	256	300	300	332	342	365	402	390	442	444	433	31	88	129	161	181	194	198	196	189	186	174	156	128	92	60	36	
55853.0	966.35136	122	204	252	229	291	322	271	350	307	364	337	373	354	365	372	24	90	133	163	186	197	201	201	195	194	183	173	159	142	109	72	
61707.0	1065.34141	196	238	238	276	284	311	317	347	353	386	388	423	431	437	7	70	119	158	186	201	209	209	204	201	197	184	158	119	74	36	
95284.0	1244.665	170	229	263	329	312	363	379	413	407	454	445	475	465	472	476	61	143	193	229	252	265	273	275	272	263	245	227	208	183	145	97	
72728.0	1074.8142	151	211	222	268	273	313	309	342	363	349	383	398	379	395	406	15	96	153	192	217	238	248	254	253	244	238	221	194	166	128	75	
77066.0	1148.17193	146	259	222	305	288	356	346	394	390	425	418	446	442	455	453	22	91	138	170	192	208	225	233	237	236	231	222	196	164	131	94	8	
107014.5	1341.6336	198	186	261	305	324	360	375	407	420	448	467	479	515	513	522	61	156	214	251	277	294	304	303	297	281	261	232	200	153	106	56	
62603.0	1059.9528	173	171	241	233	281	278	320	316	371	354	391	399	422	424	424	32	102	150	184	201	209	211	211	207	198	183	168	140	111	86	53	
69381.5	1106.7132	124	209	189	270	254	326	301	341	370	374	412	408	440	436	444	35	99	146	179	204	222	234	237	232	223	205	180	156	129	94	53	
63380.0	1095.0125	125	194	186	247	241	298	298	339	342	375	403	423	421	443	442	36	100	136	174	201	216	223	224	217	200	179	156	129	99	74	45	
48180.0	918.0625	142	174	194	230	238	275	281	307	319	331	351	352	368	369	368	37	86	121	148	165	175	180	183	183	177	169	158	139	114	92	60	
47247.5	909.82127	173	185	229	229	266	282	300	326	316	345	352	363	366	365	30	80	117	144	162	173	178	181	181	175	168	157	138	112	92	59	
48900.0	970.83111	61	171	225	169	223	276	269	323	311	358	348	385	385	399	397	36	84	120	143	163	178	186	186	180	164	155	142	119	96	72	42	
47993.5	886.16120	135	180	229	215	267	295	260	317	290	333	310	322	341	331	340	39	90	125	149	166	180	188	192	192	189	182	167	155	139	119	84	12	
41924.5	855.625	108	145	159	199	231	210	255	247	281	279	306	309	326	334	344	343	65	106	133	150	166	176	178	176	173	165	148	130	102	72	42	
37019.0	804.95113	59	164	198	147	230	199	253	275	236	293	268	306	319	296	311	320	39	80	109	130	146	156	161	162	161	156	151	140	120	99	72	40	
47603.5	931.96146	137	198	217	244	262	278	312	308	342	341	372	367	381	378	19	77	115	141	162	174	179	180	176	171	161	149	132	105	81	51	3	
40315.5	847.54154	120	212	181	251	224	284	260	309	288	325	313	344	332	341	67	100	123	142	154	161	165	163	161	155	144	128	107	80	48	
42837.0	868.41110	121	173	203	214	243	252	276	301	286	326	314	342	356	344	354	31	75	108	134	151	161	165	169	170	169	162	150	135	111	84	50	4	
81547.5	1137.6798	168	201	246	295	267	318	343	355	385	386	412	411	430	435	437	12	106	160	201	228	247	261	262	260	257	244	225	202	167	133	86	
38611.5	801.88122	90	183	156	228	187	220	259	255	286	276	305	295	309	315	315	57	93	115	137	156	166	170	170	167	160	154	143	127	102	70	
29538.0	715.7595	119	151	182	173	210	211	233	241	253	270	266	283	277	285	283	47	77	101	118	130	137	141	143	141	136	129	121	107	87	63	9	
36881.0	848.81124	195	112	247	155	196	280	223	247	268	291	325	314	328	336	34	79	109	133	142	151	154	156	154	151	144	133	111	88	63	37	
38476.5	785.39113	115	163	176	201	221	233	251	255	271	273	289	293	303	301	303	22	67	97	119	138	153	164	170	173	173	169	165	155	138	113	77	
72498.0	1058.51153	133	231	212	268	283	317	310	347	341	372	366	393	388	395	398	47	116	162	192	213	233	244	246	250	246	238	226	206	179	140	91	
35529.5	737.1915	101	114	159	159	193	189	214	220	236	241	256	255	271	277	272	279	32	78	109	134	155	165	175	178	178	175	168	160	148	127	100	66	
34624.0	752.4771	108	122	152	172	187	217	239	223	258	274	254	286	270	284	291	21	61	94	121	141	154	164	170	170	169	164	152	128	112	96	65	
39919.0	823.15149	131	181	227	220	251	271	273	288	297	307	315	322	326	325	29	72	104	128	142	153	162	162	165	165	162	154	141	126	109	81	2	
48064.0	871.3843	34	111	163	203	202	230	245	261	282	287	306	311	320	329	332	330	10	71	109	140	163	176	185	195	198	197	198	190	177	154	116	84	
32397.0	725.750	100	126	148	170	180	206	208	228	229	245	249	257	267	267	276	275	30	101	128	144	156	162	164	163	158	153	143	130	114	95	71	43	
43108.0	871.38130	134	177	187	223	228	255	266	281	305	315	336	341	351	352	23	68	106	139	160	173	177	179	180	173	166	148	128	105	74	50	
52310.5	1009.9108	177	148	214	239	253	287	310	300	331	365	350	400	400	417	415	37	86	125	155	170	182	189	190	186	178	164	146	123	98	58	40	
31861.5	717.1796	120	160	170	193	203	213	229	232	245	250	256	265	263	267	272	13	99	126	138	146	149	155	156	156	152	145	134	120	101	75	44	
38658.0	849.7836	146	120	201	174	244	209	274	238	302	270	322	297	336	342	324	335	18	63	100	128	147	157	163	162	157	153	145	129	115	91	67	44	11	
53579.5	991.28185	137	193	274	234	309	267	339	294	350	318	344	374	375	387	393	42	99	132	154	171	183	189	193	192	190	179	164	143	112	69	37	
44655.5	871.68124	175	166	217	227	257	262	286	293	311	330	321	342	348	341	348	15	68	102	128	148	162	172	175	174	172	167	162	148	130	108	72	11	
62898.5	1007.9120	192	198	250	267	286	308	313	335	336	352	355	367	374	384	385	81	144	169	189	203	214	221	221	218	216	207	191	171	142	102	51	
55746.0	951.95157	151	216	212	247	255	277	304	297	328	326	355	351	371	370	375	73	119	157	183	197	204	208	208	206	198	186	169	139	106	65	
59080.5	977.84143	121	204	194	252	244	293	287	322	347	361	326	370	351	372	364	16	86	133	165	191	207	217	219	218	213	205	194	170	144	114	74	8	
39978.0	791.78131	130	177	213	187	239	224	261	254	278	278	295	293	300	302	3	61	99	128	150	163	174	177	180	180	178	172	157	140	115	80	
49041.0	896.83141	144	200	203	248	238	284	269	297	316	321	340	343	352	352	34	86	125	150	170	184	193	196	194	192	186	171	155	130	96	58	
37283.5	786.91141	118	169	205	203	239	237	267	263	292	283	308	295	303	310	30	71	100	123	139	149	157	163	166	165	162	156	143	126	102	66	
44437.5	883.1319	129	150	192	186	231	261	288	245	311	330	284	343	320	354	338	350	35	78	110	134	154	168	174	178	178	176	170	156	134	114	88	55	19	
37463.5	846.0297	132	160	178	220	206	254	248	284	278	313	308	333	334	351	351	24	66	99	124	142	153	157	157	155	151	141	126	108	89	63	36	
39260.0	866.41130	125	186	175	228	219	259	286	261	307	322	331	333	26	334	325	30	73	103	127	145	158	163	166	166	163	154	134	113	84	57	37	9	
